#include <QString>
QString default_data = "10 10 5 0 1 0 6.28\n"
"5 20 3 3\n"
"0.870695 -0.435615 0.228308\n"
"0.437404 0.898113 0.045493\n"
"-0.224864 0.0602524 0.972524\n"
"255 255 255\n"
"3\n"
"217 230 166\n"
"-1.78 1.01 -1.73\n"
"-0.242404 -0.0406159 0.969325\n"
"0.346189 0.929729 0.12553\n"
"-0.906308 0.365998 -0.211309\n"
"6\n"
"253.4 292.4\n"
"270 332.4\n"
"310.4 332.8\n"
"332.4 304.2\n"
"344.2 284.2\n"
"343.2 280.8\n"
"214 0 0\n"
"0 -1.65 1.21\n"
"0.087665 -0.15336 -0.984274\n"
"0.0569303 -0.985692 0.158652\n"
"-0.994522 -0.0699432 -0.0776798\n"
"7\n"
"319.8 259\n"
"319.8 259\n"
"332.4 291.2\n"
"321 320.6\n"
"273.6 337.2\n"
"258.4 321.4\n"
"242 298.2\n"
"0 255 0\n"
"3 1 1.5\n"
"-0.353553 -0.933013 0.0669873\n"
"0.353553 -0.0669873 0.933013\n"
"-0.866025 0.353553 0.353553\n"
"7\n"
"251 292.6\n"
"260.8 326\n"
"280 336.8\n"
"322.8 333.6\n"
"332.6 325.6\n"
"349.2 290.4\n"
"348.6 286\n";
